############
SVC
TEST ARGS INCLUDED
BALANCED CLASSES
UNIGRAM AND BIGRAM FEATURES
############


SVC
Sample 1
Evaluation on TRAINING DATA
             precision    recall  f1-score   support

          1       0.95      0.96      0.96       169
          2       0.97      0.97      0.97       176
          3       1.00      0.72      0.84       163
          4       1.00      0.95      0.97       174
          5       0.77      1.00      0.87       179

avg / total       0.94      0.92      0.92       861

162 004 000 000 003
003 170 000 000 003
000 000 118 000 045
005 001 000 165 003
000 000 000 000 179

Evaluation on TESTING DATA:
             precision    recall  f1-score   support

          1       0.00      0.00      0.00        17
          2       0.00      0.00      0.00        22
          3       1.00      0.09      0.16        23
          4       0.00      0.00      0.00        16
          5       0.22      1.00      0.37        22

avg / total       0.28      0.24      0.12       100

000 000 000 000 017
000 000 000 000 022
000 000 002 000 021
000 000 000 000 016
000 000 000 000 022

SVC
Sample 2
Evaluation on TRAINING DATA
             precision    recall  f1-score   support

          1       0.96      0.96      0.96       168
          2       0.97      0.97      0.97       175
          3       0.99      0.75      0.85       166
          4       1.00      0.96      0.98       175
          5       0.78      0.99      0.87       177

avg / total       0.94      0.93      0.93       861

161 004 000 000 003
003 169 000 000 003
000 000 124 000 042
003 001 000 168 003
000 000 001 000 176

Evaluation on TESTING DATA:
             precision    recall  f1-score   support

          1       0.00      0.00      0.00        18
          2       0.00      0.00      0.00        23
          3       1.00      0.15      0.26        20
          4       0.00      0.00      0.00        15
          5       0.25      1.00      0.40        24

avg / total       0.26      0.27      0.15       100

000 000 000 000 018
000 000 000 000 023
000 000 003 000 017
000 000 000 000 015
000 000 000 000 024

SVC
Sample 3
Evaluation on TRAINING DATA
             precision    recall  f1-score   support

          1       0.95      0.95      0.95       168
          2       0.96      0.98      0.97       177
          3       1.00      0.62      0.77       163
          4       1.00      0.95      0.97       172
          5       0.72      1.00      0.84       181

avg / total       0.92      0.90      0.90       861

159 006 000 000 003
003 173 000 000 001
000 000 101 000 062
005 001 000 163 003
000 000 000 000 181

Evaluation on TESTING DATA:
             precision    recall  f1-score   support

          1       0.00      0.00      0.00        18
          2       0.00      0.00      0.00        21
          3       1.00      0.04      0.08        23
          4       0.00      0.00      0.00        18
          5       0.20      1.00      0.34        20

avg / total       0.27      0.21      0.09       100

000 000 000 000 018
000 000 000 000 021
000 000 001 000 022
000 000 000 000 018
000 000 000 000 020

SVC
Sample 4
Evaluation on TRAINING DATA
             precision    recall  f1-score   support

          1       0.95      0.96      0.96       170
          2       0.97      0.96      0.97       179
          3       0.99      0.65      0.79       168
          4       1.00      0.96      0.98       161
          5       0.73      0.99      0.84       183

avg / total       0.93      0.91      0.91       861

163 004 000 000 003
004 172 000 000 003
000 000 110 000 058
004 001 000 154 002
000 000 001 000 182

Evaluation on TESTING DATA:
             precision    recall  f1-score   support

          1       0.00      0.00      0.00        16
          2       0.00      0.00      0.00        19
          3       1.00      0.06      0.11        18
          4       0.00      0.00      0.00        29
          5       0.18      1.00      0.31        18

avg / total       0.21      0.19      0.07       100

000 000 000 000 016
000 000 000 000 019
000 000 001 000 017
000 000 000 000 029
000 000 000 000 018

SVC
Sample 5
Evaluation on TRAINING DATA
             precision    recall  f1-score   support

          1       0.95      0.96      0.95       170
          2       0.97      0.96      0.97       184
          3       1.00      0.64      0.78       166
          4       1.00      0.95      0.97       165
          5       0.72      1.00      0.84       176

avg / total       0.93      0.90      0.90       861

163 004 000 000 003
004 177 000 000 003
000 000 107 000 059
005 001 000 156 003
000 000 000 000 176

Evaluation on TESTING DATA:
             precision    recall  f1-score   support

          1       0.00      0.00      0.00        16
          2       0.00      0.00      0.00        14
          3       1.00      0.05      0.10        20
          4       0.00      0.00      0.00        25
          5       0.25      1.00      0.40        25

avg / total       0.26      0.26      0.12       100

000 000 000 000 016
000 000 000 000 014
000 000 001 000 019
000 000 000 000 025
000 000 000 000 025

