#########
LINEAR SVC
TEST ARGS INCLUDED
UNIGRAM AND BIGRAM FEATURES
CLASS WEIGHT BALANCED
##########

LinearSVC
Sample 1
Evaluation on TRAINING DATA
             precision    recall  f1-score   support

          1       1.00      1.00      1.00       169
          2       1.00      1.00      1.00       176
          3       1.00      1.00      1.00       163
          4       1.00      1.00      1.00       174
          5       1.00      1.00      1.00       179

avg / total       1.00      1.00      1.00       861

169 000 000 000 000
000 176 000 000 000
000 000 163 000 000
000 000 000 174 000
000 000 000 000 179

Evaluation on TESTING DATA:
             precision    recall  f1-score   support

          1       1.00      0.06      0.11        17
          2       1.00      0.77      0.87        22
          3       0.95      0.83      0.88        23
          4       1.00      0.94      0.97        16
          5       0.45      0.95      0.61        22

avg / total       0.87      0.73      0.70       100

001 000 000 000 016
000 017 000 000 005
000 000 019 000 004
000 000 000 015 001
000 000 001 000 021

LinearSVC
Sample 2
Evaluation on TRAINING DATA
             precision    recall  f1-score   support

          1       1.00      1.00      1.00       168
          2       1.00      1.00      1.00       175
          3       1.00      1.00      1.00       166
          4       1.00      1.00      1.00       175
          5       1.00      1.00      1.00       177

avg / total       1.00      1.00      1.00       861

168 000 000 000 000
000 175 000 000 000
000 000 166 000 000
000 000 000 175 000
000 000 000 000 177

Evaluation on TESTING DATA:
             precision    recall  f1-score   support

          1       0.00      0.00      0.00        18
          2       1.00      0.78      0.88        23
          3       1.00      0.80      0.89        20
          4       1.00      0.93      0.97        15
          5       0.46      1.00      0.63        24

avg / total       0.69      0.72      0.68       100

000 000 000 000 018
000 018 000 000 005
000 000 016 000 004
000 000 000 014 001
000 000 000 000 024

LinearSVC
Sample 3
Evaluation on TRAINING DATA
             precision    recall  f1-score   support

          1       1.00      1.00      1.00       168
          2       1.00      1.00      1.00       177
          3       1.00      1.00      1.00       163
          4       1.00      1.00      1.00       172
          5       1.00      1.00      1.00       181

avg / total       1.00      1.00      1.00       861

168 000 000 000 000
000 177 000 000 000
000 000 163 000 000
000 000 000 172 000
000 000 000 000 181

Evaluation on TESTING DATA:
             precision    recall  f1-score   support

          1       0.00      0.00      0.00        18
          2       1.00      0.52      0.69        21
          3       1.00      0.96      0.98        23
          4       1.00      0.94      0.97        18
          5       0.40      1.00      0.57        20

avg / total       0.70      0.70      0.66       100

000 000 000 000 018
000 011 000 000 010
000 000 022 000 001
000 000 000 017 001
000 000 000 000 020

LinearSVC
Sample 4
Evaluation on TRAINING DATA
             precision    recall  f1-score   support

          1       1.00      1.00      1.00       170
          2       1.00      1.00      1.00       179
          3       1.00      1.00      1.00       168
          4       1.00      1.00      1.00       161
          5       1.00      1.00      1.00       183

avg / total       1.00      1.00      1.00       861

170 000 000 000 000
000 179 000 000 000
000 000 168 000 000
000 000 000 161 000
000 000 000 000 183

Evaluation on TESTING DATA:
             precision    recall  f1-score   support

          1       0.00      0.00      0.00        16
          2       1.00      0.68      0.81        19
          3       1.00      0.89      0.94        18
          4       1.00      0.86      0.93        29
          5       0.39      1.00      0.56        18

avg / total       0.73      0.72      0.69       100

000 000 000 000 016
000 013 000 000 006
000 000 016 000 002
000 000 000 025 004
000 000 000 000 018

LinearSVC
Sample 5
Evaluation on TRAINING DATA
             precision    recall  f1-score   support

          1       1.00      1.00      1.00       170
          2       1.00      1.00      1.00       184
          3       1.00      1.00      1.00       166
          4       1.00      1.00      1.00       165
          5       1.00      1.00      1.00       176

avg / total       1.00      1.00      1.00       861

170 000 000 000 000
000 184 000 000 000
000 000 166 000 000
000 000 000 165 000
000 000 000 000 176

Evaluation on TESTING DATA:
             precision    recall  f1-score   support

          1       0.00      0.00      0.00        16
          2       1.00      0.71      0.83        14
          3       1.00      1.00      1.00        20
          4       1.00      0.96      0.98        25
          5       0.54      1.00      0.70        25

avg / total       0.73      0.79      0.74       100

000 000 000 000 016
000 010 000 000 004
000 000 020 000 000
000 000 000 024 001
000 000 000 000 025

