###########
GAUSSIAN NB
UNIGRAM AND BIGRAM FEATURES
TEST SET INCLUDES ARGS
##############
GaussianNB
Sample 1
Evaluation on TRAINING DATA
             precision    recall  f1-score   support

          1       1.00      0.96      0.98       169
          2       0.99      1.00      0.99       176
          3       1.00      0.99      1.00       163
          4       0.96      1.00      0.98       174
          5       1.00      0.99      1.00       179

avg / total       0.99      0.99      0.99       861

162 000 000 007 000
000 176 000 000 000
000 001 162 000 000
000 000 000 174 000
000 001 000 000 178

Evaluation on TESTING DATA:
             precision    recall  f1-score   support

          1       1.00      1.00      1.00        17
          2       1.00      1.00      1.00        22
          3       0.96      1.00      0.98        23
          4       1.00      1.00      1.00        16
          5       1.00      0.95      0.98        22

avg / total       0.99      0.99      0.99       100

017 000 000 000 000
000 022 000 000 000
000 000 023 000 000
000 000 000 016 000
000 000 001 000 021

GaussianNB
Sample 2
Evaluation on TRAINING DATA
             precision    recall  f1-score   support

          1       1.00      1.00      1.00       168
          2       0.99      1.00      0.99       175
          3       1.00      0.99      1.00       166
          4       1.00      1.00      1.00       175
          5       1.00      0.99      1.00       177

avg / total       1.00      1.00      1.00       861

168 000 000 000 000
000 175 000 000 000
000 001 165 000 000
000 000 000 175 000
000 001 000 000 176

Evaluation on TESTING DATA:
             precision    recall  f1-score   support

          1       1.00      1.00      1.00        18
          2       1.00      1.00      1.00        23
          3       1.00      1.00      1.00        20
          4       0.94      1.00      0.97        15
          5       1.00      0.96      0.98        24

avg / total       0.99      0.99      0.99       100

018 000 000 000 000
000 023 000 000 000
000 000 020 000 000
000 000 000 015 000
000 000 000 001 023

GaussianNB
Sample 3
Evaluation on TRAINING DATA
             precision    recall  f1-score   support

          1       1.00      1.00      1.00       168
          2       0.99      1.00      1.00       177
          3       1.00      0.99      1.00       163
          4       1.00      1.00      1.00       172
          5       1.00      1.00      1.00       181

avg / total       1.00      1.00      1.00       861

168 000 000 000 000
000 177 000 000 000
000 001 162 000 000
000 000 000 172 000
000 000 000 000 181

Evaluation on TESTING DATA:
             precision    recall  f1-score   support

          1       1.00      1.00      1.00        18
          2       0.91      1.00      0.95        21
          3       0.96      1.00      0.98        23
          4       1.00      1.00      1.00        18
          5       1.00      0.85      0.92        20

avg / total       0.97      0.97      0.97       100

018 000 000 000 000
000 021 000 000 000
000 000 023 000 000
000 000 000 018 000
000 002 001 000 017

GaussianNB
Sample 4
Evaluation on TRAINING DATA
             precision    recall  f1-score   support

          1       1.00      1.00      1.00       170
          2       0.99      1.00      1.00       179
          3       1.00      0.99      1.00       168
          4       1.00      1.00      1.00       161
          5       1.00      1.00      1.00       183

avg / total       1.00      1.00      1.00       861

170 000 000 000 000
000 179 000 000 000
000 001 167 000 000
000 000 000 161 000
000 000 000 000 183

Evaluation on TESTING DATA:
             precision    recall  f1-score   support

          1       1.00      1.00      1.00        16
          2       0.95      1.00      0.97        19
          3       0.95      1.00      0.97        18
          4       1.00      1.00      1.00        29
          5       1.00      0.89      0.94        18

avg / total       0.98      0.98      0.98       100

016 000 000 000 000
000 019 000 000 000
000 000 018 000 000
000 000 000 029 000
000 001 001 000 016

GaussianNB
Sample 5
Evaluation on TRAINING DATA
             precision    recall  f1-score   support

          1       1.00      0.95      0.97       170
          2       0.99      1.00      0.99       184
          3       1.00      0.99      1.00       166
          4       0.95      1.00      0.97       165
          5       1.00      0.99      1.00       176

avg / total       0.99      0.99      0.99       861

161 000 000 009 000
000 184 000 000 000
000 001 165 000 000
000 000 000 165 000
000 001 000 000 175

Evaluation on TESTING DATA:
             precision    recall  f1-score   support

          1       1.00      1.00      1.00        16
          2       0.93      1.00      0.97        14
          3       0.95      1.00      0.98        20
          4       0.96      1.00      0.98        25
          5       1.00      0.88      0.94        25

avg / total       0.97      0.97      0.97       100

016 000 000 000 000
000 014 000 000 000
000 000 020 000 000
000 000 000 025 000
000 001 001 001 022

