lr
Sample 1
Evaluation on TRAINING DATA
             precision    recall  f1-score   support

          1       1.00      1.00      1.00        65
         10       1.00      1.00      1.00        64
         11       0.98      0.97      0.97        60
         12       1.00      0.98      0.99        63
         13       1.00      1.00      1.00        59
         14       1.00      0.98      0.99        53
         15       0.97      1.00      0.99        66
         16       0.98      1.00      0.99        65
         17       1.00      0.97      0.98        63
         18       0.96      1.00      0.98        65
         19       1.00      0.97      0.98        66
          2       1.00      1.00      1.00        65
         20       0.98      0.92      0.95        60
         21       1.00      1.00      1.00        62
         22       0.99      1.00      0.99        66
         23       1.00      0.95      0.98        63
         24       0.98      0.97      0.98        61
         25       0.98      1.00      0.99        64
         26       1.00      1.00      1.00        63
         27       1.00      0.98      0.99        61
         28       0.97      0.95      0.96        65
         29       1.00      1.00      1.00        62
          3       1.00      0.98      0.99        66
         30       1.00      0.97      0.98        65
         31       1.00      0.97      0.98        64
         32       0.94      0.98      0.96        62
         33       0.98      0.97      0.98        66
         34       1.00      0.98      0.99        61
         35       0.96      0.97      0.96        66
         36       0.98      0.98      0.98        58
         37       0.98      1.00      0.99        61
         38       0.98      0.95      0.97        64
         39       1.00      1.00      1.00        65
          4       0.98      0.98      0.98        61
         40       1.00      0.98      0.99        60
         41       0.98      0.98      0.98        63
         42       0.91      0.95      0.93        63
         43       0.92      0.94      0.93        65
         44       0.97      0.98      0.98        60
         45       1.00      1.00      1.00        65
         46       0.98      1.00      0.99        65
         47       0.98      1.00      0.99        65
         48       1.00      1.00      1.00        61
         49       1.00      1.00      1.00        63
          5       1.00      0.97      0.98        62
         50       0.98      0.98      0.98        64
          6       0.98      0.98      0.98        60
          7       0.92      1.00      0.96        67
          8       0.95      0.98      0.97        60
          9       0.98      1.00      0.99        63

avg / total       0.98      0.98      0.98      3146


Evaluation on TESTING DATA:
             precision    recall  f1-score   support

          1       1.00      1.00      1.00         5
         10       0.86      1.00      0.92         6
         11       1.00      0.80      0.89        10
         12       0.88      1.00      0.93         7
         13       1.00      1.00      1.00        11
         14       1.00      1.00      1.00        17
         15       0.80      1.00      0.89         4
         16       1.00      1.00      1.00         5
         17       1.00      0.86      0.92         7
         18       0.71      1.00      0.83         5
         19       0.75      0.75      0.75         4
          2       1.00      0.80      0.89         5
         20       1.00      0.90      0.95        10
         21       1.00      1.00      1.00         8
         22       0.00      0.00      0.00         4
         23       1.00      0.86      0.92         7
         24       0.89      0.89      0.89         9
         25       1.00      1.00      1.00         6
         26       1.00      0.86      0.92         7
         27       1.00      0.89      0.94         9
         28       0.67      0.80      0.73         5
         29       0.86      0.75      0.80         8
          3       1.00      1.00      1.00         4
         30       0.80      0.80      0.80         5
         31       0.86      1.00      0.92         6
         32       0.75      0.38      0.50         8
         33       1.00      1.00      1.00         4
         34       0.58      0.78      0.67         9
         35       1.00      1.00      1.00         4
         36       1.00      1.00      1.00        12
         37       0.90      1.00      0.95         9
         38       0.86      1.00      0.92         6
         39       0.71      1.00      0.83         5
          4       1.00      0.89      0.94         9
         40       1.00      0.90      0.95        10
         41       1.00      1.00      1.00         7
         42       0.75      0.86      0.80         7
         43       0.80      0.80      0.80         5
         44       0.56      1.00      0.72         9
         45       0.83      1.00      0.91         5
         46       0.75      1.00      0.86         3
         47       1.00      1.00      1.00         5
         48       1.00      1.00      1.00         9
         49       1.00      0.86      0.92         7
          5       1.00      0.75      0.86         8
         50       1.00      1.00      1.00         6
          6       1.00      1.00      1.00         8
          7       1.00      1.00      1.00         3
          8       1.00      0.90      0.95        10
          9       1.00      0.86      0.92         7

avg / total       0.91      0.90      0.90       349

lr
Sample 2
Evaluation on TRAINING DATA
             precision    recall  f1-score   support

          1       1.00      1.00      1.00        60
         10       1.00      1.00      1.00        61
         11       0.97      0.95      0.96        61
         12       1.00      0.98      0.99        59
         13       0.98      1.00      0.99        62
         14       1.00      1.00      1.00        64
         15       0.98      1.00      0.99        64
         16       0.98      1.00      0.99        59
         17       1.00      0.95      0.98        62
         18       0.95      0.98      0.97        62
         19       1.00      0.96      0.98        67
          2       1.00      1.00      1.00        62
         20       1.00      0.92      0.96        64
         21       1.00      1.00      1.00        64
         22       0.98      1.00      0.99        60
         23       0.98      0.95      0.97        64
         24       0.98      0.94      0.96        62
         25       1.00      1.00      1.00        60
         26       1.00      1.00      1.00        68
         27       1.00      0.98      0.99        65
         28       0.94      0.94      0.94        62
         29       1.00      0.98      0.99        61
          3       1.00      0.99      0.99        68
         30       1.00      1.00      1.00        60
         31       1.00      0.97      0.98        63
         32       0.97      0.98      0.98        66
         33       0.98      0.98      0.98        64
         34       1.00      0.98      0.99        63
         35       0.94      0.98      0.96        61
         36       0.98      0.98      0.98        59
         37       0.97      1.00      0.98        65
         38       1.00      0.95      0.97        61
         39       1.00      1.00      1.00        63
          4       1.00      0.98      0.99        60
         40       1.00      0.98      0.99        64
         41       0.97      0.99      0.98        68
         42       0.92      0.97      0.94        67
         43       0.93      0.94      0.93        66
         44       0.98      0.98      0.98        61
         45       1.00      1.00      1.00        64
         46       0.98      1.00      0.99        64
         47       0.99      1.00      0.99        66
         48       1.00      1.00      1.00        66
         49       1.00      0.98      0.99        62
          5       1.00      0.98      0.99        63
         50       0.98      0.98      0.98        64
          6       0.98      0.98      0.98        57
          7       0.92      1.00      0.96        66
          8       0.95      1.00      0.98        62
          9       0.97      1.00      0.98        60

avg / total       0.98      0.98      0.98      3146


Evaluation on TESTING DATA:
             precision    recall  f1-score   support

          1       1.00      1.00      1.00        10
         10       1.00      1.00      1.00         9
         11       0.86      0.67      0.75         9
         12       0.92      1.00      0.96        11
         13       0.89      1.00      0.94         8
         14       1.00      1.00      1.00         6
         15       1.00      1.00      1.00         6
         16       1.00      1.00      1.00        11
         17       1.00      1.00      1.00         8
         18       0.88      0.88      0.88         8
         19       1.00      0.67      0.80         3
          2       1.00      0.88      0.93         8
         20       1.00      0.83      0.91         6
         21       1.00      1.00      1.00         6
         22       1.00      0.40      0.57        10
         23       1.00      1.00      1.00         6
         24       1.00      1.00      1.00         7
         25       0.91      1.00      0.95        10
         26       0.67      1.00      0.80         2
         27       1.00      1.00      1.00         5
         28       1.00      0.88      0.93         8
         29       1.00      0.89      0.94         9
          3       0.67      1.00      0.80         2
         30       0.89      0.80      0.84        10
         31       1.00      0.86      0.92         7
         32       1.00      0.25      0.40         4
         33       1.00      0.83      0.91         6
         34       0.67      0.86      0.75         7
         35       1.00      1.00      1.00         9
         36       1.00      1.00      1.00        11
         37       1.00      1.00      1.00         5
         38       0.73      0.89      0.80         9
         39       0.78      1.00      0.88         7
          4       0.90      0.90      0.90        10
         40       0.86      1.00      0.92         6
         41       1.00      1.00      1.00         2
         42       0.75      1.00      0.86         3
         43       1.00      0.50      0.67         4
         44       0.47      0.89      0.62         9
         45       1.00      1.00      1.00         6
         46       1.00      1.00      1.00         4
         47       1.00      1.00      1.00         4
         48       1.00      1.00      1.00         4
         49       1.00      1.00      1.00         8
          5       1.00      1.00      1.00         7
         50       1.00      0.83      0.91         6
          6       1.00      1.00      1.00        11
          7       1.00      1.00      1.00         4
          8       1.00      0.88      0.93         8
          9       0.83      1.00      0.91        10

avg / total       0.93      0.91      0.91       349

lr
Sample 3
Evaluation on TRAINING DATA
             precision    recall  f1-score   support

          1       1.00      1.00      1.00        62
         10       1.00      1.00      1.00        65
         11       0.97      0.97      0.97        61
         12       1.00      0.98      0.99        63
         13       0.98      1.00      0.99        63
         14       1.00      1.00      1.00        60
         15       0.97      1.00      0.99        67
         16       1.00      1.00      1.00        62
         17       1.00      0.97      0.98        60
         18       0.96      0.98      0.97        66
         19       1.00      0.97      0.98        58
          2       1.00      1.00      1.00        62
         20       1.00      0.92      0.96        66
         21       1.00      1.00      1.00        68
         22       1.00      1.00      1.00        62
         23       1.00      0.95      0.98        65
         24       0.97      0.97      0.97        63
         25       0.98      1.00      0.99        63
         26       1.00      1.00      1.00        65
         27       1.00      0.98      0.99        63
         28       0.95      0.95      0.95        65
         29       1.00      0.98      0.99        65
          3       1.00      0.98      0.99        63
         30       1.00      0.98      0.99        64
         31       1.00      0.96      0.98        57
         32       0.95      0.98      0.97        64
         33       0.98      0.97      0.98        64
         34       1.00      0.97      0.98        67
         35       0.96      0.98      0.97        65
         36       0.98      0.98      0.98        60
         37       0.95      1.00      0.98        62
         38       0.98      0.94      0.96        63
         39       1.00      1.00      1.00        63
          4       1.00      0.98      0.99        65
         40       1.00      0.98      0.99        60
         41       0.95      0.98      0.97        58
         42       0.91      0.98      0.95        62
         43       0.93      0.93      0.93        61
         44       0.97      0.98      0.98        63
         45       1.00      1.00      1.00        61
         46       1.00      1.00      1.00        66
         47       0.98      1.00      0.99        62
         48       1.00      1.00      1.00        70
         49       1.00      0.98      0.99        66
          5       1.00      0.95      0.98        63
         50       0.98      0.98      0.98        61
          6       0.98      1.00      0.99        58
          7       0.92      1.00      0.96        65
          8       0.97      0.98      0.97        57
          9       0.98      1.00      0.99        62

avg / total       0.98      0.98      0.98      3146


Evaluation on TESTING DATA:
             precision    recall  f1-score   support

          1       1.00      1.00      1.00         8
         10       1.00      1.00      1.00         5
         11       0.89      0.89      0.89         9
         12       0.88      1.00      0.93         7
         13       1.00      1.00      1.00         7
         14       1.00      1.00      1.00        10
         15       0.75      1.00      0.86         3
         16       1.00      0.88      0.93         8
         17       1.00      0.90      0.95        10
         18       1.00      1.00      1.00         4
         19       1.00      1.00      1.00        12
          2       1.00      0.75      0.86         8
         20       0.75      0.75      0.75         4
         21       1.00      1.00      1.00         2
         22       0.89      1.00      0.94         8
         23       1.00      0.80      0.89         5
         24       1.00      0.86      0.92         7
         25       1.00      1.00      1.00         6
         26       1.00      1.00      1.00         5
         27       1.00      1.00      1.00         7
         28       1.00      1.00      1.00         5
         29       0.71      1.00      0.83         5
          3       1.00      1.00      1.00         7
         30       0.71      0.83      0.77         6
         31       1.00      0.85      0.92        13
         32       0.00      0.00      0.00         6
         33       1.00      1.00      1.00         6
         34       0.33      1.00      0.50         3
         35       0.80      0.80      0.80         5
         36       1.00      1.00      1.00        10
         37       1.00      1.00      1.00         8
         38       0.86      0.86      0.86         7
         39       1.00      1.00      1.00         7
          4       0.83      1.00      0.91         5
         40       1.00      0.90      0.95        10
         41       1.00      0.92      0.96        12
         42       0.89      1.00      0.94         8
         43       1.00      0.78      0.88         9
         44       0.78      1.00      0.88         7
         45       0.90      1.00      0.95         9
         46       0.67      1.00      0.80         2
         47       0.89      1.00      0.94         8
         49       0.57      1.00      0.73         4
          5       1.00      0.86      0.92         7
         50       1.00      1.00      1.00         9
          6       1.00      0.80      0.89        10
          7       1.00      0.80      0.89         5
          8       0.91      0.77      0.83        13
          9       1.00      1.00      1.00         8

avg / total       0.92      0.91      0.91       349

lr
Sample 4
Evaluation on TRAINING DATA
             precision    recall  f1-score   support

          1       1.00      1.00      1.00        62
         10       1.00      1.00      1.00        61
         11       0.97      0.95      0.96        65
         12       1.00      1.00      1.00        62
         13       1.00      1.00      1.00        67
         14       1.00      1.00      1.00        57
         15       0.98      1.00      0.99        61
         16       0.99      1.00      0.99        69
         17       1.00      0.97      0.98        64
         18       0.95      1.00      0.98        63
         19       1.00      0.97      0.98        67
          2       1.00      1.00      1.00        64
         20       0.98      0.94      0.96        65
         21       1.00      1.00      1.00        62
         22       0.98      1.00      0.99        62
         23       1.00      0.94      0.97        64
         24       0.97      0.95      0.96        62
         25       0.98      1.00      0.99        65
         26       1.00      1.00      1.00        61
         27       1.00      0.98      0.99        62
         28       0.97      0.95      0.96        63
         29       1.00      1.00      1.00        60
          3       1.00      0.98      0.99        60
         30       1.00      1.00      1.00        61
         31       1.00      0.97      0.98        65
         32       0.95      1.00      0.98        62
         33       1.00      1.00      1.00        63
         34       1.00      0.95      0.97        61
         35       0.97      0.97      0.97        60
         36       0.98      0.98      0.98        62
         37       0.97      1.00      0.98        60
         38       1.00      0.95      0.97        59
         39       1.00      1.00      1.00        60
          4       1.00      0.98      0.99        63
         40       1.00      0.98      0.99        61
         41       0.97      0.97      0.97        66
         42       0.93      0.95      0.94        60
         43       0.92      0.95      0.94        62
         44       0.97      0.99      0.98        67
         45       1.00      1.00      1.00        64
         46       0.98      1.00      0.99        62
         47       0.99      1.00      0.99        66
         48       1.00      1.00      1.00        66
         49       1.00      0.98      0.99        65
          5       1.00      0.97      0.98        61
         50       0.98      0.98      0.98        63
          6       0.98      0.98      0.98        66
          7       0.91      1.00      0.95        63
          8       0.96      0.98      0.97        65
          9       0.96      1.00      0.98        65

avg / total       0.98      0.98      0.98      3146


Evaluation on TESTING DATA:
             precision    recall  f1-score   support

          1       1.00      1.00      1.00         8
         10       1.00      1.00      1.00         9
         11       0.67      0.80      0.73         5
         12       0.88      0.88      0.88         8
         13       0.75      1.00      0.86         3
         14       1.00      1.00      1.00        13
         15       1.00      1.00      1.00         9
         16       1.00      1.00      1.00         1
         17       1.00      0.67      0.80         6
         18       0.75      0.86      0.80         7
         19       1.00      0.67      0.80         3
          2       1.00      0.60      0.75         5
         20       1.00      0.60      0.75         5
         21       1.00      1.00      1.00         8
         22       0.88      0.88      0.88         8
         23       1.00      1.00      1.00         6
         24       1.00      0.88      0.93         8
         25       1.00      1.00      1.00         5
         26       0.90      1.00      0.95         9
         27       1.00      1.00      1.00         8
         28       0.83      0.71      0.77         7
         29       0.91      1.00      0.95        10
          3       1.00      0.90      0.95        10
         30       0.89      0.89      0.89         9
         31       1.00      1.00      1.00         5
         32       0.67      0.25      0.36         8
         33       1.00      0.71      0.83         7
         34       0.53      1.00      0.69         9
         35       0.91      1.00      0.95        10
         36       1.00      1.00      1.00         8
         37       1.00      1.00      1.00        10
         38       0.91      0.91      0.91        11
         39       0.90      0.90      0.90        10
          4       1.00      0.86      0.92         7
         40       1.00      1.00      1.00         9
         41       1.00      1.00      1.00         4
         42       0.70      0.70      0.70        10
         43       0.56      0.62      0.59         8
         44       0.60      1.00      0.75         3
         45       0.75      1.00      0.86         6
         46       1.00      1.00      1.00         6
         47       0.80      1.00      0.89         4
         48       1.00      1.00      1.00         4
         49       0.67      0.80      0.73         5
          5       1.00      0.89      0.94         9
         50       0.83      0.71      0.77         7
          6       0.67      1.00      0.80         2
          7       1.00      0.71      0.83         7
          8       1.00      1.00      1.00         5
          9       0.80      0.80      0.80         5

avg / total       0.90      0.89      0.88       349

lr
Sample 5
Evaluation on TRAINING DATA
             precision    recall  f1-score   support

          1       1.00      1.00      1.00        61
         10       1.00      1.00      1.00        61
         11       0.96      0.93      0.95        58
         12       1.00      0.98      0.99        61
         13       1.00      1.00      1.00        64
         14       1.00      1.00      1.00        61
         15       0.95      1.00      0.98        63
         16       1.00      1.00      1.00        62
         17       1.00      0.97      0.98        62
         18       0.95      1.00      0.98        62
         19       1.00      0.95      0.97        57
          2       1.00      1.00      1.00        65
         20       1.00      0.92      0.96        63
         21       1.00      1.00      1.00        61
         22       0.98      1.00      0.99        64
         23       1.00      0.94      0.97        67
         24       0.97      0.95      0.96        60
         25       0.98      1.00      0.99        65
         26       1.00      1.00      1.00        65
         27       1.00      0.98      0.99        63
         28       0.97      0.95      0.96        65
         29       1.00      0.98      0.99        62
          3       1.00      1.00      1.00        63
         30       1.00      0.98      0.99        64
         31       1.00      0.97      0.98        64
         32       0.92      0.98      0.95        62
         33       0.98      0.97      0.98        65
         34       1.00      0.97      0.98        62
         35       0.96      0.98      0.97        65
         36       0.98      0.98      0.98        64
         37       0.98      1.00      0.99        65
         38       0.98      0.94      0.96        65
         39       1.00      1.00      1.00        62
          4       0.98      1.00      0.99        62
         40       1.00      0.98      0.99        62
         41       0.97      0.98      0.98        63
         42       0.91      0.97      0.94        64
         43       0.94      0.94      0.94        65
         44       1.00      0.98      0.99        61
         45       1.00      1.00      1.00        64
         46       0.98      1.00      0.99        58
         47       0.98      1.00      0.99        64
         48       1.00      1.00      1.00        60
         49       1.00      1.00      1.00        64
          5       1.00      0.97      0.98        66
         50       0.98      0.98      0.98        64
          6       0.98      0.98      0.98        65
          7       0.89      1.00      0.94        65
          8       0.95      0.95      0.95        62
          9       0.96      1.00      0.98        64

avg / total       0.98      0.98      0.98      3146


Evaluation on TESTING DATA:
             precision    recall  f1-score   support

          1       1.00      1.00      1.00         9
         10       1.00      1.00      1.00         9
         11       1.00      0.75      0.86        12
         12       0.90      1.00      0.95         9
         13       0.86      1.00      0.92         6
         14       1.00      1.00      1.00         9
         15       0.88      1.00      0.93         7
         16       0.89      1.00      0.94         8
         17       1.00      0.88      0.93         8
         18       0.89      1.00      0.94         8
         19       1.00      0.69      0.82        13
          2       1.00      0.80      0.89         5
         20       1.00      0.86      0.92         7
         21       1.00      1.00      1.00         9
         22       0.71      0.83      0.77         6
         23       1.00      1.00      1.00         3
         24       1.00      0.90      0.95        10
         25       1.00      1.00      1.00         5
         26       1.00      1.00      1.00         5
         27       1.00      1.00      1.00         7
         28       1.00      0.40      0.57         5
         29       0.73      1.00      0.84         8
          3       1.00      1.00      1.00         7
         30       0.83      0.83      0.83         6
         31       1.00      1.00      1.00         6
         32       1.00      0.25      0.40         8
         33       1.00      1.00      1.00         5
         34       0.54      0.88      0.67         8
         35       1.00      1.00      1.00         5
         36       1.00      1.00      1.00         6
         37       1.00      1.00      1.00         5
         38       1.00      1.00      1.00         5
         39       1.00      1.00      1.00         8
          4       1.00      0.75      0.86         8
         40       0.89      1.00      0.94         8
         41       0.86      0.86      0.86         7
         42       0.71      0.83      0.77         6
         43       1.00      0.50      0.67         4
         44       0.64      1.00      0.78         9
         45       0.75      1.00      0.86         6
         46       1.00      1.00      1.00        10
         47       0.75      1.00      0.86         6
         48       1.00      1.00      1.00        10
         49       0.86      1.00      0.92         6
          5       1.00      0.75      0.86         4
         50       1.00      0.83      0.91         6
          6       1.00      1.00      1.00         3
          7       1.00      0.80      0.89         5
          8       1.00      0.75      0.86         8
          9       0.67      1.00      0.80         6

avg / total       0.93      0.90      0.90       349

