nb
Sample 1
Evaluation on TRAINING DATA
             precision    recall  f1-score   support

          1       1.00      1.00      1.00        65
         10       1.00      1.00      1.00        64
         11       0.98      0.78      0.87        60
         12       1.00      0.98      0.99        63
         13       1.00      1.00      1.00        59
         14       0.98      1.00      0.99        53
         15       1.00      1.00      1.00        66
         16       1.00      0.97      0.98        65
         17       1.00      0.67      0.80        63
         18       1.00      1.00      1.00        65
         19       1.00      1.00      1.00        66
          2       0.97      1.00      0.98        65
         20       0.97      0.93      0.95        60
         21       0.95      1.00      0.98        62
         22       1.00      0.98      0.99        66
         23       1.00      0.98      0.99        63
         24       1.00      0.95      0.97        61
         25       0.89      1.00      0.94        64
         26       1.00      1.00      1.00        63
         27       0.75      1.00      0.86        61
         28       0.95      0.60      0.74        65
         29       1.00      0.98      0.99        62
          3       1.00      1.00      1.00        66
         30       0.89      1.00      0.94        65
         31       0.74      1.00      0.85        64
         32       0.98      0.95      0.97        62
         33       1.00      1.00      1.00        66
         34       0.97      0.98      0.98        61
         35       0.95      0.95      0.95        66
         36       1.00      0.98      0.99        58
         37       1.00      0.97      0.98        61
         38       1.00      0.97      0.98        64
         39       1.00      1.00      1.00        65
          4       0.87      0.98      0.92        61
         40       1.00      1.00      1.00        60
         41       1.00      0.95      0.98        63
         42       0.97      0.98      0.98        63
         43       1.00      0.98      0.99        65
         44       1.00      1.00      1.00        60
         45       1.00      1.00      1.00        65
         46       0.93      1.00      0.96        65
         47       1.00      1.00      1.00        65
         48       1.00      1.00      1.00        61
         49       1.00      0.95      0.98        63
          5       1.00      0.94      0.97        62
         50       1.00      0.97      0.98        64
          6       0.88      1.00      0.94        60
          7       1.00      0.91      0.95        67
          8       0.97      1.00      0.98        60
          9       0.93      1.00      0.96        63

avg / total       0.97      0.97      0.97      3146


Evaluation on TESTING DATA:
             precision    recall  f1-score   support

          1       1.00      0.40      0.57         5
         10       1.00      1.00      1.00         6
         11       0.86      0.60      0.71        10
         12       0.88      1.00      0.93         7
         13       0.92      1.00      0.96        11
         14       0.50      0.06      0.11        17
         15       0.80      1.00      0.89         4
         16       1.00      1.00      1.00         5
         17       0.75      0.43      0.55         7
         18       1.00      0.80      0.89         5
         19       0.80      1.00      0.89         4
          2       0.00      0.00      0.00         5
         20       1.00      0.90      0.95        10
         21       1.00      1.00      1.00         8
         22       0.80      1.00      0.89         4
         23       1.00      0.86      0.92         7
         24       0.75      0.67      0.71         9
         25       0.62      0.83      0.71         6
         26       1.00      0.86      0.92         7
         27       0.24      0.89      0.38         9
         28       0.25      0.40      0.31         5
         29       0.25      0.25      0.25         8
          3       0.60      0.75      0.67         4
         30       0.00      0.00      0.00         5
         31       0.80      0.67      0.73         6
         32       0.33      0.12      0.18         8
         33       0.33      0.75      0.46         4
         34       0.39      0.78      0.52         9
         35       1.00      1.00      1.00         4
         36       1.00      0.33      0.50        12
         37       1.00      1.00      1.00         9
         38       1.00      1.00      1.00         6
         39       1.00      0.20      0.33         5
          4       0.57      0.44      0.50         9
         40       0.91      1.00      0.95        10
         41       0.60      0.43      0.50         7
         42       0.75      0.86      0.80         7
         43       0.67      0.40      0.50         5
         44       0.55      0.67      0.60         9
         45       1.00      1.00      1.00         5
         46       0.00      0.00      0.00         3
         47       0.62      1.00      0.77         5
         48       0.89      0.89      0.89         9
         49       0.60      0.43      0.50         7
          5       0.71      0.62      0.67         8
         50       0.83      0.83      0.83         6
          6       0.89      1.00      0.94         8
          7       1.00      0.33      0.50         3
          8       0.67      0.80      0.73        10
          9       0.67      0.86      0.75         7

avg / total       0.72      0.68      0.66       349

nb
Sample 2
Evaluation on TRAINING DATA
             precision    recall  f1-score   support

          1       1.00      1.00      1.00        60
         10       1.00      1.00      1.00        61
         11       0.98      0.93      0.96        61
         12       0.98      0.98      0.98        59
         13       1.00      1.00      1.00        62
         14       0.97      1.00      0.98        64
         15       1.00      1.00      1.00        64
         16       0.97      1.00      0.98        59
         17       1.00      0.98      0.99        62
         18       1.00      1.00      1.00        62
         19       1.00      1.00      1.00        67
          2       0.97      1.00      0.98        62
         20       1.00      0.91      0.95        64
         21       0.94      1.00      0.97        64
         22       1.00      0.97      0.98        60
         23       1.00      0.98      0.99        64
         24       1.00      0.94      0.97        62
         25       0.97      1.00      0.98        60
         26       1.00      1.00      1.00        68
         27       1.00      1.00      1.00        65
         28       0.94      0.55      0.69        62
         29       1.00      0.97      0.98        61
          3       1.00      1.00      1.00        68
         30       0.94      1.00      0.97        60
         31       0.72      1.00      0.84        63
         32       1.00      0.95      0.98        66
         33       1.00      1.00      1.00        64
         34       0.95      1.00      0.98        63
         35       0.91      0.98      0.94        61
         36       1.00      0.98      0.99        59
         37       1.00      0.97      0.98        65
         38       0.98      0.97      0.98        61
         39       1.00      1.00      1.00        63
          4       0.87      1.00      0.93        60
         40       1.00      1.00      1.00        64
         41       1.00      0.93      0.96        68
         42       0.96      0.97      0.96        67
         43       1.00      0.97      0.98        66
         44       1.00      1.00      1.00        61
         45       1.00      1.00      1.00        64
         46       0.89      1.00      0.94        64
         47       1.00      1.00      1.00        66
         48       1.00      1.00      1.00        66
         49       1.00      0.94      0.97        62
          5       0.98      0.95      0.97        63
         50       1.00      0.95      0.98        64
          6       0.93      1.00      0.97        57
          7       1.00      0.86      0.93        66
          8       0.95      1.00      0.98        62
          9       0.94      1.00      0.97        60

avg / total       0.98      0.97      0.97      3146


Evaluation on TESTING DATA:
             precision    recall  f1-score   support

          1       1.00      0.30      0.46        10
         10       1.00      1.00      1.00         9
         11       1.00      0.44      0.62         9
         12       0.85      1.00      0.92        11
         13       0.89      1.00      0.94         8
         14       0.00      0.00      0.00         6
         15       1.00      1.00      1.00         6
         16       1.00      1.00      1.00        11
         17       1.00      0.62      0.77         8
         18       1.00      0.75      0.86         8
         19       0.75      1.00      0.86         3
          2       0.00      0.00      0.00         8
         20       1.00      0.50      0.67         6
         21       0.86      1.00      0.92         6
         22       1.00      0.90      0.95        10
         23       1.00      0.83      0.91         6
         24       0.67      0.86      0.75         7
         25       0.91      1.00      0.95        10
         26       1.00      1.00      1.00         2
         27       0.26      1.00      0.42         5
         28       0.30      0.38      0.33         8
         29       0.31      0.56      0.40         9
          3       0.50      1.00      0.67         2
         30       0.00      0.00      0.00        10
         31       1.00      0.43      0.60         7
         32       0.00      0.00      0.00         4
         33       0.45      0.83      0.59         6
         34       0.42      0.71      0.53         7
         35       0.90      1.00      0.95         9
         36       0.80      0.36      0.50        11
         37       1.00      1.00      1.00         5
         38       1.00      0.78      0.88         9
         39       1.00      0.57      0.73         7
          4       0.38      0.30      0.33        10
         40       1.00      1.00      1.00         6
         41       0.67      1.00      0.80         2
         42       1.00      1.00      1.00         3
         43       1.00      0.50      0.67         4
         44       1.00      0.67      0.80         9
         45       1.00      1.00      1.00         6
         46       1.00      0.75      0.86         4
         47       0.75      0.75      0.75         4
         48       0.43      0.75      0.55         4
         49       0.20      0.12      0.15         8
          5       0.71      0.71      0.71         7
         50       1.00      0.50      0.67         6
          6       0.85      1.00      0.92        11
          7       0.67      1.00      0.80         4
          8       0.86      0.75      0.80         8
          9       0.53      0.80      0.64        10

avg / total       0.74      0.68      0.68       349

nb
Sample 3
Evaluation on TRAINING DATA
             precision    recall  f1-score   support

          1       1.00      1.00      1.00        62
         10       1.00      1.00      1.00        65
         11       1.00      0.97      0.98        61
         12       0.98      0.98      0.98        63
         13       0.97      1.00      0.98        63
         14       1.00      1.00      1.00        60
         15       0.97      1.00      0.99        67
         16       1.00      0.97      0.98        62
         17       1.00      0.97      0.98        60
         18       1.00      1.00      1.00        66
         19       1.00      1.00      1.00        58
          2       0.97      1.00      0.98        62
         20       1.00      0.89      0.94        66
         21       0.97      1.00      0.99        68
         22       1.00      0.97      0.98        62
         23       1.00      1.00      1.00        65
         24       1.00      0.94      0.97        63
         25       0.95      1.00      0.98        63
         26       1.00      1.00      1.00        65
         27       1.00      1.00      1.00        63
         28       0.93      0.58      0.72        65
         29       1.00      0.97      0.98        65
          3       1.00      1.00      1.00        63
         30       1.00      0.95      0.98        64
         31       0.64      1.00      0.78        57
         32       0.97      0.95      0.96        64
         33       1.00      1.00      1.00        64
         34       0.96      0.97      0.96        67
         35       0.91      0.98      0.95        65
         36       1.00      0.98      0.99        60
         37       1.00      0.98      0.99        62
         38       0.98      0.97      0.98        63
         39       1.00      1.00      1.00        63
          4       0.86      0.97      0.91        65
         40       1.00      1.00      1.00        60
         41       0.98      1.00      0.99        58
         42       0.95      0.98      0.97        62
         43       1.00      0.97      0.98        61
         44       1.00      1.00      1.00        63
         45       1.00      1.00      1.00        61
         46       0.93      1.00      0.96        66
         47       1.00      1.00      1.00        62
         48       1.00      1.00      1.00        70
         49       1.00      0.89      0.94        66
          5       1.00      0.92      0.96        63
         50       0.97      0.95      0.96        61
          6       0.88      1.00      0.94        58
          7       0.98      0.86      0.92        65
          8       0.97      1.00      0.98        57
          9       1.00      1.00      1.00        62

avg / total       0.98      0.97      0.97      3146


Evaluation on TESTING DATA:
             precision    recall  f1-score   support

          1       1.00      0.88      0.93         8
         10       1.00      1.00      1.00         5
         11       0.86      0.67      0.75         9
         12       0.70      1.00      0.82         7
         13       1.00      1.00      1.00         7
         14       0.00      0.00      0.00        10
         15       1.00      1.00      1.00         3
         16       0.88      0.88      0.88         8
         17       1.00      0.90      0.95        10
         18       1.00      1.00      1.00         4
         19       1.00      1.00      1.00        12
          2       0.00      0.00      0.00         8
         20       1.00      1.00      1.00         4
         21       0.67      1.00      0.80         2
         22       1.00      1.00      1.00         8
         23       1.00      0.60      0.75         5
         24       1.00      1.00      1.00         7
         25       0.86      1.00      0.92         6
         26       1.00      1.00      1.00         5
         27       0.30      1.00      0.47         7
         28       0.14      0.20      0.17         5
         29       0.27      0.60      0.37         5
          3       0.83      0.71      0.77         7
         30       0.50      0.17      0.25         6
         31       1.00      0.31      0.47        13
         32       0.00      0.00      0.00         6
         33       0.71      0.83      0.77         6
         34       0.27      1.00      0.43         3
         35       1.00      1.00      1.00         5
         36       1.00      0.40      0.57        10
         37       1.00      1.00      1.00         8
         38       0.83      0.71      0.77         7
         39       1.00      0.86      0.92         7
          4       0.17      0.40      0.24         5
         40       1.00      1.00      1.00        10
         41       0.88      0.58      0.70        12
         42       1.00      1.00      1.00         8
         43       1.00      0.78      0.88         9
         44       0.44      0.57      0.50         7
         45       0.89      0.89      0.89         9
         46       1.00      1.00      1.00         2
         47       1.00      0.62      0.77         8
         48       0.00      0.00      0.00         0
         49       0.43      0.75      0.55         4
          5       1.00      1.00      1.00         7
         50       0.80      0.89      0.84         9
          6       1.00      0.90      0.95        10
          7       0.62      1.00      0.77         5
          8       0.92      0.85      0.88        13
          9       0.73      1.00      0.84         8

avg / total       0.79      0.75      0.75       349

nb
Sample 4
Evaluation on TRAINING DATA
             precision    recall  f1-score   support

          1       1.00      1.00      1.00        62
         10       1.00      1.00      1.00        61
         11       0.98      0.85      0.91        65
         12       0.98      0.98      0.98        62
         13       1.00      1.00      1.00        67
         14       1.00      1.00      1.00        57
         15       0.97      1.00      0.98        61
         16       1.00      0.97      0.99        69
         17       1.00      0.59      0.75        64
         18       1.00      1.00      1.00        63
         19       1.00      1.00      1.00        67
          2       0.96      1.00      0.98        64
         20       1.00      0.92      0.96        65
         21       0.94      1.00      0.97        62
         22       1.00      0.97      0.98        62
         23       1.00      0.98      0.99        64
         24       1.00      0.97      0.98        62
         25       0.97      1.00      0.98        65
         26       1.00      1.00      1.00        61
         27       0.71      1.00      0.83        62
         28       0.94      0.73      0.82        63
         29       1.00      0.97      0.98        60
          3       1.00      1.00      1.00        60
         30       0.92      1.00      0.96        61
         31       0.79      1.00      0.88        65
         32       0.95      0.95      0.95        62
         33       1.00      1.00      1.00        63
         34       1.00      0.97      0.98        61
         35       0.94      0.98      0.96        60
         36       1.00      0.98      0.99        62
         37       1.00      0.98      0.99        60
         38       1.00      0.97      0.98        59
         39       1.00      1.00      1.00        60
          4       0.87      0.98      0.93        63
         40       1.00      1.00      1.00        61
         41       1.00      0.92      0.96        66
         42       0.95      1.00      0.98        60
         43       1.00      0.97      0.98        62
         44       1.00      1.00      1.00        67
         45       1.00      1.00      1.00        64
         46       0.91      1.00      0.95        62
         47       1.00      1.00      1.00        66
         48       1.00      1.00      1.00        66
         49       1.00      0.86      0.93        65
          5       1.00      0.93      0.97        61
         50       0.97      0.97      0.97        63
          6       0.90      1.00      0.95        66
          7       0.97      0.94      0.95        63
          8       0.98      1.00      0.99        65
          9       0.93      1.00      0.96        65

avg / total       0.97      0.97      0.97      3146


Evaluation on TESTING DATA:
             precision    recall  f1-score   support

          1       1.00      0.88      0.93         8
         10       1.00      0.89      0.94         9
         11       0.67      0.40      0.50         5
         12       0.80      1.00      0.89         8
         13       1.00      1.00      1.00         3
         14       0.00      0.00      0.00        13
         15       1.00      1.00      1.00         9
         16       0.50      1.00      0.67         1
         17       0.50      0.17      0.25         6
         18       1.00      1.00      1.00         7
         19       0.75      1.00      0.86         3
          2       0.00      0.00      0.00         5
         20       0.67      0.40      0.50         5
         21       1.00      0.88      0.93         8
         22       0.89      1.00      0.94         8
         23       0.86      1.00      0.92         6
         24       0.80      1.00      0.89         8
         25       0.71      1.00      0.83         5
         26       0.90      1.00      0.95         9
         27       0.25      1.00      0.40         8
         28       0.31      0.57      0.40         7
         29       0.36      0.40      0.38        10
          3       1.00      0.80      0.89        10
         30       0.00      0.00      0.00         9
         31       0.50      0.40      0.44         5
         32       0.50      0.12      0.20         8
         33       0.42      0.71      0.53         7
         34       0.56      1.00      0.72         9
         35       0.77      1.00      0.87        10
         36       1.00      0.25      0.40         8
         37       1.00      1.00      1.00        10
         38       1.00      0.91      0.95        11
         39       1.00      0.50      0.67        10
          4       0.45      0.71      0.56         7
         40       1.00      1.00      1.00         9
         41       0.67      1.00      0.80         4
         42       0.90      0.90      0.90        10
         43       0.67      0.50      0.57         8
         44       1.00      0.67      0.80         3
         45       1.00      0.83      0.91         6
         46       1.00      0.50      0.67         6
         47       0.75      0.75      0.75         4
         48       0.50      0.75      0.60         4
         49       0.75      0.60      0.67         5
          5       0.86      0.67      0.75         9
         50       0.80      0.57      0.67         7
          6       1.00      1.00      1.00         2
          7       1.00      0.57      0.73         7
          8       0.71      1.00      0.83         5
          9       0.50      0.40      0.44         5

avg / total       0.73      0.70      0.68       349

nb
Sample 5
Evaluation on TRAINING DATA
             precision    recall  f1-score   support

          1       1.00      1.00      1.00        61
         10       1.00      1.00      1.00        61
         11       1.00      0.95      0.97        58
         12       0.98      0.98      0.98        61
         13       1.00      1.00      1.00        64
         14       0.88      1.00      0.94        61
         15       0.97      1.00      0.98        63
         16       1.00      0.97      0.98        62
         17       1.00      0.66      0.80        62
         18       1.00      1.00      1.00        62
         19       1.00      1.00      1.00        57
          2       0.96      1.00      0.98        65
         20       1.00      0.89      0.94        63
         21       0.97      1.00      0.98        61
         22       1.00      1.00      1.00        64
         23       1.00      0.99      0.99        67
         24       1.00      0.93      0.97        60
         25       0.97      1.00      0.98        65
         26       1.00      1.00      1.00        65
         27       0.77      1.00      0.87        63
         28       0.86      0.58      0.70        65
         29       1.00      0.97      0.98        62
          3       1.00      1.00      1.00        63
         30       1.00      0.89      0.94        64
         31       0.67      1.00      0.80        64
         32       0.95      0.95      0.95        62
         33       1.00      1.00      1.00        65
         34       0.95      0.97      0.96        62
         35       0.91      0.98      0.95        65
         36       1.00      0.98      0.99        64
         37       1.00      0.85      0.92        65
         38       1.00      0.97      0.98        65
         39       1.00      1.00      1.00        62
          4       0.85      1.00      0.92        62
         40       1.00      1.00      1.00        62
         41       0.98      0.97      0.98        63
         42       0.96      1.00      0.98        64
         43       1.00      0.97      0.98        65
         44       1.00      1.00      1.00        61
         45       1.00      1.00      1.00        64
         46       0.91      1.00      0.95        58
         47       1.00      1.00      1.00        64
         48       1.00      1.00      1.00        60
         49       1.00      0.91      0.95        64
          5       1.00      0.92      0.96        66
         50       0.97      0.95      0.96        64
          6       0.89      1.00      0.94        65
          7       1.00      0.88      0.93        65
          8       1.00      1.00      1.00        62
          9       0.97      1.00      0.98        64

avg / total       0.97      0.96      0.96      3146


Evaluation on TESTING DATA:
             precision    recall  f1-score   support

          1       0.33      0.11      0.17         9
         10       0.90      1.00      0.95         9
         11       0.80      0.33      0.47        12
         12       0.82      1.00      0.90         9
         13       1.00      1.00      1.00         6
         14       0.00      0.00      0.00         9
         15       0.86      0.86      0.86         7
         16       1.00      1.00      1.00         8
         17       1.00      0.38      0.55         8
         18       0.89      1.00      0.94         8
         19       1.00      0.77      0.87        13
          2       0.08      0.20      0.11         5
         20       1.00      1.00      1.00         7
         21       1.00      1.00      1.00         9
         22       1.00      1.00      1.00         6
         23       1.00      1.00      1.00         3
         24       0.57      0.80      0.67        10
         25       0.83      1.00      0.91         5
         26       1.00      1.00      1.00         5
         27       0.25      0.86      0.39         7
         28       0.29      0.40      0.33         5
         29       0.44      0.50      0.47         8
          3       1.00      0.86      0.92         7
         30       0.50      0.17      0.25         6
         31       1.00      0.33      0.50         6
         32       0.50      0.12      0.20         8
         33       0.29      0.40      0.33         5
         34       0.47      1.00      0.64         8
         35       1.00      1.00      1.00         5
         36       0.50      0.17      0.25         6
         37       0.83      1.00      0.91         5
         38       1.00      0.80      0.89         5
         39       1.00      0.38      0.55         8
          4       0.50      0.50      0.50         8
         40       0.89      1.00      0.94         8
         41       0.62      0.71      0.67         7
         42       0.80      0.67      0.73         6
         43       0.67      0.50      0.57         4
         44       0.67      0.89      0.76         9
         45       1.00      0.67      0.80         6
         46       0.67      0.40      0.50        10
         47       1.00      1.00      1.00         6
         48       0.75      0.90      0.82        10
         49       0.71      0.83      0.77         6
          5       1.00      0.75      0.86         4
         50       1.00      0.83      0.91         6
          6       1.00      1.00      1.00         3
          7       1.00      1.00      1.00         5
          8       0.73      1.00      0.84         8
          9       0.55      1.00      0.71         6

avg / total       0.75      0.71      0.69       349

