nb
Sample 1
Evaluation on TRAINING DATA
             precision    recall  f1-score   support

          1       1.00      1.00      1.00        65
         10       1.00      1.00      1.00        64
         11       0.97      1.00      0.98        60
         12       1.00      1.00      1.00        63
         13       1.00      1.00      1.00        59
         14       1.00      1.00      1.00        53
         15       1.00      1.00      1.00        66
         16       1.00      0.98      0.99        65
         17       1.00      1.00      1.00        63
         18       1.00      1.00      1.00        65
         19       1.00      1.00      1.00        66
          2       1.00      1.00      1.00        65
         20       1.00      0.95      0.97        60
         21       1.00      1.00      1.00        62
         22       1.00      1.00      1.00        66
         23       1.00      0.98      0.99        63
         24       0.98      1.00      0.99        61
         25       0.98      1.00      0.99        64
         26       1.00      1.00      1.00        63
         27       1.00      1.00      1.00        61
         28       1.00      1.00      1.00        65
         29       1.00      1.00      1.00        62
          3       1.00      1.00      1.00        66
         30       1.00      1.00      1.00        65
         31       1.00      1.00      1.00        64
         32       0.98      1.00      0.99        62
         33       1.00      1.00      1.00        66
         34       1.00      0.98      0.99        61
         35       0.97      0.98      0.98        66
         36       1.00      0.98      0.99        58
         37       1.00      1.00      1.00        61
         38       1.00      0.98      0.99        64
         39       1.00      1.00      1.00        65
          4       0.97      1.00      0.98        61
         40       1.00      1.00      1.00        60
         41       1.00      0.98      0.99        63
         42       0.98      1.00      0.99        63
         43       1.00      0.98      0.99        65
         44       1.00      1.00      1.00        60
         45       1.00      1.00      1.00        65
         46       1.00      1.00      1.00        65
         47       1.00      1.00      1.00        65
         48       1.00      1.00      1.00        61
         49       1.00      1.00      1.00        63
          5       1.00      0.97      0.98        62
         50       1.00      1.00      1.00        64
          6       0.95      1.00      0.98        60
          7       1.00      1.00      1.00        67
          8       1.00      1.00      1.00        60
          9       1.00      1.00      1.00        63

avg / total       1.00      1.00      1.00      3146


Evaluation on TESTING DATA:
             precision    recall  f1-score   support

          1       1.00      1.00      1.00         5
         10       1.00      1.00      1.00         6
         11       0.89      0.80      0.84        10
         12       0.70      1.00      0.82         7
         13       1.00      1.00      1.00        11
         14       1.00      0.47      0.64        17
         15       0.80      1.00      0.89         4
         16       1.00      1.00      1.00         5
         17       1.00      0.71      0.83         7
         18       1.00      0.80      0.89         5
         19       0.80      1.00      0.89         4
          2       0.00      0.00      0.00         5
         20       0.90      0.90      0.90        10
         21       0.89      1.00      0.94         8
         22       0.80      1.00      0.89         4
         23       1.00      0.86      0.92         7
         24       0.78      0.78      0.78         9
         25       0.83      0.83      0.83         6
         26       1.00      0.71      0.83         7
         27       0.45      1.00      0.62         9
         28       0.67      0.80      0.73         5
         29       0.54      0.88      0.67         8
          3       1.00      0.75      0.86         4
         30       0.67      0.80      0.73         5
         31       0.75      1.00      0.86         6
         32       0.33      0.12      0.18         8
         33       1.00      1.00      1.00         4
         34       0.47      0.78      0.58         9
         35       1.00      1.00      1.00         4
         36       1.00      0.75      0.86        12
         37       0.90      1.00      0.95         9
         38       1.00      1.00      1.00         6
         39       0.60      0.60      0.60         5
          4       0.89      0.89      0.89         9
         40       1.00      1.00      1.00        10
         41       1.00      0.71      0.83         7
         42       0.75      0.86      0.80         7
         43       0.75      0.60      0.67         5
         44       0.89      0.89      0.89         9
         45       1.00      1.00      1.00         5
         46       1.00      0.33      0.50         3
         47       0.57      0.80      0.67         5
         48       0.82      1.00      0.90         9
         49       0.80      0.57      0.67         7
          5       1.00      0.62      0.77         8
         50       0.83      0.83      0.83         6
          6       1.00      1.00      1.00         8
          7       0.50      0.33      0.40         3
          8       1.00      0.90      0.95        10
          9       0.75      0.86      0.80         7

avg / total       0.84      0.81      0.81       349

nb
Sample 2
Evaluation on TRAINING DATA
             precision    recall  f1-score   support

          1       1.00      1.00      1.00        60
         10       1.00      1.00      1.00        61
         11       0.98      1.00      0.99        61
         12       1.00      1.00      1.00        59
         13       1.00      1.00      1.00        62
         14       1.00      1.00      1.00        64
         15       1.00      1.00      1.00        64
         16       1.00      1.00      1.00        59
         17       1.00      1.00      1.00        62
         18       1.00      1.00      1.00        62
         19       1.00      1.00      1.00        67
          2       1.00      1.00      1.00        62
         20       1.00      0.97      0.98        64
         21       1.00      1.00      1.00        64
         22       1.00      1.00      1.00        60
         23       1.00      1.00      1.00        64
         24       1.00      1.00      1.00        62
         25       1.00      1.00      1.00        60
         26       1.00      1.00      1.00        68
         27       1.00      1.00      1.00        65
         28       1.00      0.94      0.97        62
         29       1.00      1.00      1.00        61
          3       1.00      1.00      1.00        68
         30       0.94      1.00      0.97        60
         31       1.00      1.00      1.00        63
         32       0.97      1.00      0.99        66
         33       1.00      1.00      1.00        64
         34       1.00      0.97      0.98        63
         35       0.94      1.00      0.97        61
         36       1.00      0.98      0.99        59
         37       1.00      1.00      1.00        65
         38       1.00      1.00      1.00        61
         39       1.00      1.00      1.00        63
          4       0.98      1.00      0.99        60
         40       1.00      1.00      1.00        64
         41       1.00      0.99      0.99        68
         42       0.97      0.99      0.98        67
         43       1.00      0.97      0.98        66
         44       1.00      1.00      1.00        61
         45       1.00      1.00      1.00        64
         46       1.00      1.00      1.00        64
         47       1.00      1.00      1.00        66
         48       1.00      1.00      1.00        66
         49       1.00      1.00      1.00        62
          5       1.00      0.97      0.98        63
         50       1.00      1.00      1.00        64
          6       1.00      1.00      1.00        57
          7       1.00      1.00      1.00        66
          8       0.98      1.00      0.99        62
          9       1.00      1.00      1.00        60

avg / total       1.00      1.00      1.00      3146


Evaluation on TESTING DATA:
             precision    recall  f1-score   support

          1       1.00      0.80      0.89        10
         10       1.00      1.00      1.00         9
         11       1.00      0.56      0.71         9
         12       0.92      1.00      0.96        11
         13       1.00      1.00      1.00         8
         14       1.00      0.33      0.50         6
         15       0.86      1.00      0.92         6
         16       1.00      1.00      1.00        11
         17       1.00      0.88      0.93         8
         18       1.00      0.75      0.86         8
         19       0.75      1.00      0.86         3
          2       0.00      0.00      0.00         8
         20       1.00      0.67      0.80         6
         21       0.75      1.00      0.86         6
         22       1.00      0.80      0.89        10
         23       1.00      0.67      0.80         6
         24       0.75      0.86      0.80         7
         25       1.00      1.00      1.00        10
         26       1.00      1.00      1.00         2
         27       0.42      1.00      0.59         5
         28       0.64      0.88      0.74         8
         29       0.47      0.89      0.62         9
          3       0.67      1.00      0.80         2
         30       0.75      0.30      0.43        10
         31       0.83      0.71      0.77         7
         32       0.67      0.50      0.57         4
         33       0.83      0.83      0.83         6
         34       0.67      0.86      0.75         7
         35       0.82      1.00      0.90         9
         36       0.90      0.82      0.86        11
         37       1.00      1.00      1.00         5
         38       0.78      0.78      0.78         9
         39       0.88      1.00      0.93         7
          4       0.64      0.70      0.67        10
         40       0.86      1.00      0.92         6
         41       1.00      1.00      1.00         2
         42       0.75      1.00      0.86         3
         43       1.00      0.50      0.67         4
         44       1.00      0.78      0.88         9
         45       1.00      1.00      1.00         6
         46       0.80      1.00      0.89         4
         47       0.80      1.00      0.89         4
         48       0.33      0.75      0.46         4
         49       0.67      0.25      0.36         8
          5       0.75      0.86      0.80         7
         50       0.67      0.33      0.44         6
          6       0.92      1.00      0.96        11
          7       0.80      1.00      0.89         4
          8       1.00      0.88      0.93         8
          9       0.82      0.90      0.86        10

avg / total       0.83      0.81      0.80       349

nb
Sample 3
Evaluation on TRAINING DATA
             precision    recall  f1-score   support

          1       1.00      1.00      1.00        62
         10       1.00      1.00      1.00        65
         11       1.00      0.98      0.99        61
         12       1.00      1.00      1.00        63
         13       1.00      1.00      1.00        63
         14       1.00      1.00      1.00        60
         15       1.00      1.00      1.00        67
         16       1.00      0.98      0.99        62
         17       1.00      1.00      1.00        60
         18       1.00      1.00      1.00        66
         19       1.00      1.00      1.00        58
          2       1.00      1.00      1.00        62
         20       1.00      0.95      0.98        66
         21       1.00      1.00      1.00        68
         22       1.00      1.00      1.00        62
         23       1.00      0.97      0.98        65
         24       0.97      1.00      0.98        63
         25       0.98      1.00      0.99        63
         26       1.00      1.00      1.00        65
         27       1.00      1.00      1.00        63
         28       1.00      1.00      1.00        65
         29       1.00      1.00      1.00        65
          3       1.00      1.00      1.00        63
         30       1.00      0.98      0.99        64
         31       0.98      1.00      0.99        57
         32       0.97      1.00      0.98        64
         33       1.00      1.00      1.00        64
         34       1.00      0.97      0.98        67
         35       0.96      0.98      0.97        65
         36       1.00      0.98      0.99        60
         37       1.00      1.00      1.00        62
         38       1.00      1.00      1.00        63
         39       1.00      1.00      1.00        63
          4       0.97      1.00      0.98        65
         40       1.00      1.00      1.00        60
         41       0.98      1.00      0.99        58
         42       0.97      0.98      0.98        62
         43       1.00      0.97      0.98        61
         44       1.00      1.00      1.00        63
         45       1.00      1.00      1.00        61
         46       1.00      1.00      1.00        66
         47       1.00      1.00      1.00        62
         48       1.00      1.00      1.00        70
         49       1.00      1.00      1.00        66
          5       1.00      0.95      0.98        63
         50       1.00      1.00      1.00        61
          6       0.95      1.00      0.97        58
          7       1.00      1.00      1.00        65
          8       0.98      1.00      0.99        57
          9       1.00      1.00      1.00        62

avg / total       0.99      0.99      0.99      3146


Evaluation on TESTING DATA:
             precision    recall  f1-score   support

          1       0.89      1.00      0.94         8
         10       1.00      1.00      1.00         5
         11       0.88      0.78      0.82         9
         12       1.00      1.00      1.00         7
         13       1.00      1.00      1.00         7
         14       0.50      0.10      0.17        10
         15       0.75      1.00      0.86         3
         16       1.00      1.00      1.00         8
         17       1.00      0.80      0.89        10
         18       1.00      1.00      1.00         4
         19       1.00      1.00      1.00        12
          2       1.00      0.25      0.40         8
         20       1.00      1.00      1.00         4
         21       0.67      1.00      0.80         2
         22       1.00      1.00      1.00         8
         23       1.00      0.80      0.89         5
         24       0.88      1.00      0.93         7
         25       1.00      1.00      1.00         6
         26       1.00      1.00      1.00         5
         27       0.41      1.00      0.58         7
         28       0.67      0.40      0.50         5
         29       0.36      0.80      0.50         5
          3       1.00      0.71      0.83         7
         30       0.71      0.83      0.77         6
         31       1.00      0.62      0.76        13
         32       0.00      0.00      0.00         6
         33       0.86      1.00      0.92         6
         34       0.33      1.00      0.50         3
         35       1.00      1.00      1.00         5
         36       1.00      0.90      0.95        10
         37       1.00      1.00      1.00         8
         38       0.83      0.71      0.77         7
         39       1.00      0.86      0.92         7
          4       0.50      1.00      0.67         5
         40       1.00      1.00      1.00        10
         41       1.00      0.92      0.96        12
         42       0.89      1.00      0.94         8
         43       0.88      0.78      0.82         9
         44       0.86      0.86      0.86         7
         45       0.90      1.00      0.95         9
         46       1.00      1.00      1.00         2
         47       1.00      0.88      0.93         8
         48       0.00      0.00      0.00         0
         49       0.75      0.75      0.75         4
          5       0.86      0.86      0.86         7
         50       0.88      0.78      0.82         9
          6       1.00      0.90      0.95        10
          7       0.75      0.60      0.67         5
          8       1.00      0.85      0.92        13
          9       0.80      1.00      0.89         8

avg / total       0.88      0.84      0.84       349

nb
Sample 4
Evaluation on TRAINING DATA
             precision    recall  f1-score   support

          1       1.00      1.00      1.00        62
         10       1.00      1.00      1.00        61
         11       0.98      1.00      0.99        65
         12       1.00      1.00      1.00        62
         13       1.00      1.00      1.00        67
         14       1.00      1.00      1.00        57
         15       1.00      1.00      1.00        61
         16       1.00      0.99      0.99        69
         17       1.00      1.00      1.00        64
         18       1.00      1.00      1.00        63
         19       1.00      1.00      1.00        67
          2       1.00      1.00      1.00        64
         20       1.00      0.97      0.98        65
         21       1.00      1.00      1.00        62
         22       1.00      1.00      1.00        62
         23       1.00      1.00      1.00        64
         24       1.00      1.00      1.00        62
         25       0.98      1.00      0.99        65
         26       1.00      1.00      1.00        61
         27       1.00      1.00      1.00        62
         28       0.98      1.00      0.99        63
         29       1.00      1.00      1.00        60
          3       1.00      1.00      1.00        60
         30       1.00      1.00      1.00        61
         31       1.00      0.98      0.99        65
         32       0.97      1.00      0.98        62
         33       1.00      1.00      1.00        63
         34       1.00      0.97      0.98        61
         35       0.95      1.00      0.98        60
         36       1.00      0.98      0.99        62
         37       1.00      1.00      1.00        60
         38       1.00      1.00      1.00        59
         39       1.00      1.00      1.00        60
          4       0.98      1.00      0.99        63
         40       1.00      1.00      1.00        61
         41       1.00      0.98      0.99        66
         42       0.97      1.00      0.98        60
         43       1.00      0.97      0.98        62
         44       1.00      1.00      1.00        67
         45       1.00      1.00      1.00        64
         46       1.00      1.00      1.00        62
         47       1.00      1.00      1.00        66
         48       1.00      1.00      1.00        66
         49       1.00      1.00      1.00        65
          5       1.00      0.97      0.98        61
         50       1.00      1.00      1.00        63
          6       0.99      1.00      0.99        66
          7       1.00      1.00      1.00        63
          8       1.00      1.00      1.00        65
          9       1.00      1.00      1.00        65

avg / total       1.00      1.00      1.00      3146


Evaluation on TESTING DATA:
             precision    recall  f1-score   support

          1       1.00      0.88      0.93         8
         10       1.00      1.00      1.00         9
         11       0.67      0.40      0.50         5
         12       0.88      0.88      0.88         8
         13       1.00      1.00      1.00         3
         14       1.00      0.31      0.47        13
         15       1.00      1.00      1.00         9
         16       1.00      1.00      1.00         1
         17       0.80      0.67      0.73         6
         18       1.00      1.00      1.00         7
         19       0.75      1.00      0.86         3
          2       0.33      0.20      0.25         5
         20       0.67      0.40      0.50         5
         21       1.00      0.88      0.93         8
         22       1.00      1.00      1.00         8
         23       0.86      1.00      0.92         6
         24       0.73      1.00      0.84         8
         25       1.00      1.00      1.00         5
         26       1.00      1.00      1.00         9
         27       0.40      1.00      0.57         8
         28       0.50      0.71      0.59         7
         29       0.64      0.90      0.75        10
          3       1.00      0.90      0.95        10
         30       0.56      0.56      0.56         9
         31       0.71      1.00      0.83         5
         32       0.67      0.25      0.36         8
         33       1.00      0.71      0.83         7
         34       0.56      1.00      0.72         9
         35       0.82      0.90      0.86        10
         36       1.00      0.75      0.86         8
         37       1.00      1.00      1.00        10
         38       0.92      1.00      0.96        11
         39       1.00      0.90      0.95        10
          4       0.71      0.71      0.71         7
         40       1.00      1.00      1.00         9
         41       1.00      1.00      1.00         4
         42       0.82      0.90      0.86        10
         43       0.71      0.62      0.67         8
         44       0.75      1.00      0.86         3
         45       1.00      0.83      0.91         6
         46       0.80      0.67      0.73         6
         47       0.80      1.00      0.89         4
         48       0.50      1.00      0.67         4
         49       1.00      0.60      0.75         5
          5       1.00      0.67      0.80         9
         50       0.80      0.57      0.67         7
          6       1.00      1.00      1.00         2
          7       1.00      0.57      0.73         7
          8       0.83      1.00      0.91         5
          9       1.00      0.80      0.89         5

avg / total       0.85      0.81      0.81       349

nb
Sample 5
Evaluation on TRAINING DATA
             precision    recall  f1-score   support

          1       1.00      1.00      1.00        61
         10       1.00      1.00      1.00        61
         11       0.97      1.00      0.98        58
         12       1.00      1.00      1.00        61
         13       1.00      1.00      1.00        64
         14       1.00      1.00      1.00        61
         15       1.00      1.00      1.00        63
         16       1.00      0.98      0.99        62
         17       1.00      1.00      1.00        62
         18       1.00      1.00      1.00        62
         19       1.00      1.00      1.00        57
          2       1.00      1.00      1.00        65
         20       1.00      0.95      0.98        63
         21       1.00      1.00      1.00        61
         22       1.00      1.00      1.00        64
         23       1.00      0.97      0.98        67
         24       0.97      1.00      0.98        60
         25       0.98      1.00      0.99        65
         26       1.00      1.00      1.00        65
         27       1.00      1.00      1.00        63
         28       1.00      1.00      1.00        65
         29       1.00      1.00      1.00        62
          3       1.00      1.00      1.00        63
         30       1.00      0.98      0.99        64
         31       0.98      1.00      0.99        64
         32       0.97      1.00      0.98        62
         33       1.00      1.00      1.00        65
         34       1.00      0.97      0.98        62
         35       0.96      0.98      0.97        65
         36       1.00      0.98      0.99        64
         37       1.00      1.00      1.00        65
         38       1.00      0.98      0.99        65
         39       1.00      1.00      1.00        62
          4       0.97      1.00      0.98        62
         40       1.00      1.00      1.00        62
         41       1.00      0.98      0.99        63
         42       0.97      1.00      0.98        64
         43       1.00      0.97      0.98        65
         44       1.00      1.00      1.00        61
         45       1.00      1.00      1.00        64
         46       1.00      1.00      1.00        58
         47       1.00      1.00      1.00        64
         48       1.00      1.00      1.00        60
         49       1.00      1.00      1.00        64
          5       1.00      0.95      0.98        66
         50       1.00      1.00      1.00        64
          6       0.96      1.00      0.98        65
          7       1.00      1.00      1.00        65
          8       1.00      1.00      1.00        62
          9       1.00      1.00      1.00        64

avg / total       0.99      0.99      0.99      3146


Evaluation on TESTING DATA:
             precision    recall  f1-score   support

          1       1.00      0.89      0.94         9
         10       0.90      1.00      0.95         9
         11       0.86      0.50      0.63        12
         12       0.82      1.00      0.90         9
         13       1.00      1.00      1.00         6
         14       0.75      0.33      0.46         9
         15       0.83      0.71      0.77         7
         16       1.00      1.00      1.00         8
         17       1.00      0.75      0.86         8
         18       1.00      1.00      1.00         8
         19       1.00      0.92      0.96        13
          2       0.29      0.40      0.33         5
         20       1.00      1.00      1.00         7
         21       1.00      1.00      1.00         9
         22       1.00      1.00      1.00         6
         23       0.75      1.00      0.86         3
         24       0.89      0.80      0.84        10
         25       1.00      1.00      1.00         5
         26       0.83      1.00      0.91         5
         27       0.50      1.00      0.67         7
         28       0.67      0.40      0.50         5
         29       0.62      1.00      0.76         8
          3       1.00      0.86      0.92         7
         30       0.80      0.67      0.73         6
         31       0.75      0.50      0.60         6
         32       1.00      0.12      0.22         8
         33       1.00      0.80      0.89         5
         34       0.53      1.00      0.70         8
         35       1.00      1.00      1.00         5
         36       1.00      0.83      0.91         6
         37       1.00      1.00      1.00         5
         38       1.00      0.80      0.89         5
         39       1.00      1.00      1.00         8
          4       0.83      0.62      0.71         8
         40       0.80      1.00      0.89         8
         41       0.86      0.86      0.86         7
         42       0.80      0.67      0.73         6
         43       0.67      0.50      0.57         4
         44       0.67      0.89      0.76         9
         45       0.75      1.00      0.86         6
         46       0.90      0.90      0.90        10
         47       1.00      1.00      1.00         6
         48       0.77      1.00      0.87        10
         49       0.83      0.83      0.83         6
          5       1.00      1.00      1.00         4
         50       1.00      0.83      0.91         6
          6       1.00      1.00      1.00         3
          7       1.00      0.80      0.89         5
          8       0.80      1.00      0.89         8
          9       1.00      1.00      1.00         6

avg / total       0.87      0.84      0.83       349

